460 132 6 10
56 71 0 10
109 88 3 10
158 115 7 10
404 55 1 10
361 199 4 10
236 60 3 10
277 64 6 10
326 109 2 10
3 144 7 10
266 165 9 10
33 77 1 10
167 40 4 10
386 35 7 10
465 150 8 10
152 36 2 10
45 114 5 10
371 1 4 10
117 64 8 10
457 123 4 10
188 53 2 10
357 27 5 10
135 71 1 10
384 16 0 10
67 15 4 10
297 105 5 10
382 91 6 10
43 13 0 10
195 18 4 10
252 129 9 10
8 175 6 10
132 113 9 10
426 114 7 10
102 166 8 10
187 35 1 10
333 158 8 10
485 167 2 10
224 173 9 10
343 88 9 10
167 117 5 10
493 51 7 10
183 192 2 10
372 99 8 10
207 40 8 10
92 141 7 10
84 192 7 10
34 104 1 10
488 141 3 10
113 128 4 10
262 136 1 10
188 29 6 10
130 193 7 10
401 138 5 10
120 100 4 10
250 14 4 10
356 13 3 10
186 67 8 10
278 92 2 10
222 165 8 10
352 78 2 10
156 195 9 10
470 37 4 10
442 187 9 10
321 95 6 10
168 122 8 10
82 188 3 10
355 186 9 10
296 134 0 10
183 154 5 10
395 44 9 10
220 161 4 10
301 95 7 10
235 152 4 10
488 170 2 10
234 36 6 10
480 156 1 10
290 181 2 10
65 28 2 10
392 23 8 10
36 155 7 10
454 196 7 10
248 37 9 10
410 134 3 10
111 128 5 10
50 134 6 10
256 133 8 10
171 134 6 10
223 46 8 10
61 113 0 10
461 115 8 10
9 160 4 10
62 107 7 10
221 66 7 10
499 164 5 10
425 117 5 10
463 61 2 10
240 84 3 10
348 173 9 10
198 74 6 10
203 77 3 10
430 173 7 10
331 30 7 10
328 39 9 10
272 3 2 10
372 165 7 10
233 177 7 10
82 50 4 10
89 139 7 10
77 19 8 10
215 177 2 10
90 15 3 10
143 42 3 10
179 136 1 10
120 112 0 10
146 32 6 10
309 29 8 10
101 130 5 10
398 39 9 10
396 63 1 10
232 105 4 10
361 91 7 10
47 5 4 10
333 73 4 10
439 1 1 10
370 185 8 10
294 192 1 10
138 85 8 10
404 80 6 10
308 17 4 10
369 129 6 10
75 44 5 10
154 164 2 10
66 63 9 10
282 134 7 10
388 135 0 10
324 128 5 10
326 190 8 10
265 149 3 10
239 142 2 10
282 72 2 10
424 61 8 10
15 126 2 10
103 103 0 10
287 29 7 10
400 86 7 10
150 30 2 10
457 42 7 10
487 164 3 10
45 118 0 10
221 125 8 10
114 16 2 10
443 124 8 10
246 63 8 10
457 1 3 10
3 5 4 10
467 106 9 10
468 160 9 10
404 162 8 10
327 169 7 10
231 79 4 10
170 58 6 10
248 59 9 10
302 46 4 10
375 169 3 10
198 98 5 10
442 122 0 10
352 77 1 10
465 98 8 10
120 177 4 10
103 6 6 10
306 179 3 10
180 153 3 10
5 66 8 10
219 158 9 10
317 97 5 10
144 120 5 10
257 57 9 10
111 160 7 10
92 67 4 10
485 137 3 10
265 169 8 10
318 0 8 10
463 110 8 10
6 183 5 10
56 193 9 10
353 127 8 10
181 93 5 10
414 156 0 10
124 192 3 10
349 63 3 10
394 5 5 10
271 35 9 10
42 100 9 10
241 102 1 10
170 81 0 10
308 96 6 10
456 134 1 10
109 120 2 10
490 83 6 10
81 89 4 10
114 35 5 10
235 38 2 10
110 7 8 10
226 69 4 10
237 80 4 10
81 185 9 10
277 26 1 10
112 68 1 10
379 101 4 10
77 6 1 10
65 106 0 10
359 109 4 10
168 29 0 10
173 10 1 10
68 45 1 10
198 134 1 10
458 6 3 10
268 50 8 10
376 32 3 10
298 190 7 10
67 184 2 10
406 184 6 10
224 140 6 10
430 4 1 10
332 183 9 10
13 1 5 10
148 197 3 10
388 147 6 10
187 81 7 10
177 129 2 10
14 157 4 10
26 58 6 10
349 62 5 10
488 193 0 10
144 103 1 10
183 192 1 10
27 46 6 10
29 121 2 10
435 195 0 10
134 166 8 10
204 15 1 10
62 54 3 10
457 185 2 10
193 87 1 10
176 28 5 10
292 124 5 10
141 55 5 10
457 170 2 10
274 109 6 10
190 61 4 10
100 121 4 10
211 49 1 10
438 92 8 10
403 105 0 10
324 52 3 10
356 93 5 10
476 41 8 10
172 119 4 10
281 108 9 10
428 116 8 10
165 148 0 10
40 151 2 10
7 75 5 10
408 179 6 10
359 161 5 10
471 189 4 10
357 118 9 10
94 151 4 10
288 96 4 10
429 94 9 10
280 93 3 10
136 198 0 10
222 180 9 10
262 136 1 10
298 123 7 10
125 49 9 10
195 125 7 10
230 6 1 10
267 194 7 10
88 185 7 10
186 141 5 10
351 134 0 10
324 36 7 10
303 91 2 10
319 170 0 10
347 66 1 10
123 15 6 10
495 4 4 10
495 105 6 10
302 162 3 10
151 48 1 10
466 3 6 10
362 24 6 10
24 151 7 10
37 116 7 10
17 101 5 10
38 44 0 10
467 60 2 10
285 198 6 10
82 103 4 10
